 Sample   Time     Commanded Pos   Encoder 1 Pos   Encoder 2 Pos   Control Effort

[    0    0.000            1000               0               0          0.0000;
     1    0.022            1000             129              14          4.8840;
     2    0.044            1000             452             100          4.8840;
     3    0.066            1000             999             239          0.6966;
     4    0.089            1000            1527             400         -4.6276;
     5    0.111            1000            1871             489         -4.8840;
     6    0.133            1000            1946             512         -4.8840;
     7    0.155            1000            1767             463         -4.8840;
     8    0.177            1000            1331             354         -3.8431;
     9    0.199            1000             754             195          1.7350;
    10    0.221            1000             308              55          4.8840;
    11    0.243            1000              57               0          4.8840;
    12    0.266            1000              67              -3          4.8840;
    13    0.288            1000             301              59          4.8840;
    14    0.310            1000             780             177          2.8053;
    15    0.332            1000            1350             344         -2.8053;
    16    0.354            1000            1776             468         -4.8840;
    17    0.376            1000            1967             513         -4.8840;
    18    0.398            1000            1887             494         -4.8840;
    19    0.421            1000            1548             409         -4.8840;
    20    0.443            1000            1002             264         -0.7161;
    21    0.465            1000             463             104          4.7491;
    22    0.487            1000             128              10          4.8840;
    23    0.509            1000              12             -10          4.8840;
    24    0.531            1000             157              19          4.8840;
    25    0.553            1000             523             114          4.8840;
    26    0.576            1000            1095             265         -0.2540;
    27    0.598            1000            1605             424         -4.8840;
    28    0.620            1000            1930             501         -4.8840;
    29    0.642            1000            1972             519         -4.8840;
    30    0.664            1000            1761             462         -4.8840;
    31    0.686            1000            1302             345         -3.5922;
    32    0.708            1000             708             182          2.1734;
    33    0.730            1000             270              43          4.8840;
    34    0.753            1000              22              -8          4.8840;
    35    0.775            1000              41             -11          4.8840;
    36    0.797            1000             279              54          4.8840;
    37    0.819            1000             765             172          2.9774;
    38    0.841            1000            1345             343         -2.7479;
    39    0.863            1000            1785             471         -4.8840;
    40    0.885            1000            1994             519         -4.8840;
    41    0.908            1000            1928             505         -4.8840;
    42    0.930            1000            1603             423         -4.8840;
    43    0.952            1000            1062             281         -1.3114;
    44    0.974            1000             497             116          4.3810;
    45    0.996            1000             136              10          4.8840;
    46    1.018            1000             -15             -17          4.8840;
    47    1.040            1000              99               4          4.8840;
    48    1.063            1000             429              91          4.8840;
    49    1.085            1000             989             233          0.7906;
    50    1.107            1000            1536             403         -4.6941;
    51    1.129            1000            1907             497         -4.8840;
    52    1.151            1000            2007             525         -4.8840;
    53    1.173            1000            1850             484         -4.8840;
    54    1.195            1000            1437             380         -4.8559;
    55    1.217            1000             843             221          0.8095;
    56    1.240            1000             345              66          4.8840;
    57    1.262            1000              41              -7          4.8840;
    58    1.284            1000             -16             -22          4.8840;
    59    1.306            1000             163              23          4.8840;
    60    1.328            1000             578             126          4.7448;
    61    1.350            1000            1169             287         -0.9585;
    62    1.372            1000            1674             443         -4.8840;
    63    1.395            1000            1980             514         -4.8840;
    64    1.417            1000            2002             525         -4.8840;
    65    1.439            1000            1771             465         -4.8840;
    66    1.461            1000            1296             342         -3.5556;
    67    1.483            1000             688             176          2.3712;
    68    1.505            1000             245              36          4.8840;
    69    1.527            1000             -11             -15          4.8840;
    70    1.549            1000               2             -21          4.8840;
    71    1.572            1000             229              41          4.8840;
    72    1.594            1000             707             157          3.5397;
    73    1.616            1000            1301             329         -2.2772;
    74    1.638            1000            1768             467         -4.8840;
    75    1.660            1000            2013             523         -4.8840;
    76    1.682            1000            1981             518         -4.8840;
    77    1.704            1000            1691             445         -4.8840;
    78    1.727            1000            1172             309         -2.3810;
    79    1.749            1000             572             141          3.5696;
    80    1.771            1000             169              17          4.8840;
    81    1.793            1000             -40             -22          4.8840;
    82    1.815            1000              20             -17          4.8840;
    83    1.837            1000             289              57          4.8840;
    84    1.859            1000             809             184          2.5537;
    85    1.882            1000            1398             359         -3.2625;
    86    1.904            1000            1840             483         -4.8840;
    87    1.926            1000            2038             530         -4.8840;
    88    1.948            1000            1969             514         -4.8840;
    89    1.970            1000            1640             432         -4.8840;
    90    1.992            1000            1092             288         -1.6282;
    91    2.014               0             414             117         -4.8840;
    92    2.036               0            -392             -89          2.9774;
    93    2.059               0            -980            -285          4.8840;
    94    2.081               0           -1410            -371          4.8840;
    95    2.103               0           -1546            -411          4.8840;
    96    2.125               0           -1462            -388          4.8840;
    97    2.147               0           -1136            -309          4.8840;
    98    2.169               0            -574            -166          4.8840;
    99    2.191               0             180              34         -0.8480;
   100    2.214               0             834             236         -4.8840;
   101    2.236               0            1327             348         -4.8840;
   102    2.258               0            1555             413         -4.8840;
   103    2.280               0            1558             410         -4.8840;
   104    2.302               0            1309             349         -4.8840;
   105    2.324               0             849             233         -4.8840;
   106    2.346               0             174              65         -2.5849;
   107    2.368               0            -550            -145          4.6349;
   108    2.391               0           -1071            -301          4.8840;
   109    2.413               0           -1390            -364          4.8840;
   110    2.435               0           -1419            -383          4.8840;
   111    2.457               0           -1232            -329          4.8840;
   112    2.479               0            -784            -221          4.8840;
   113    2.501               0            -123             -46          2.0678;
   114    2.523               0             582             158         -4.8840;
   115    2.546               0            1104             300         -4.8840;
   116    2.568               0            1418             374         -4.8840;
   117    2.590               0            1492             395         -4.8840;
   118    2.612               0            1323             354         -4.8840;
   119    2.634               0             950             256         -4.8840;
   120    2.656               0             350             110         -4.2308;
   121    2.678               0            -369             -89          2.8010;
   122    2.701               0            -918            -261          4.8840;
   123    2.723               0           -1275            -338          4.8840;
   124    2.745               0           -1347            -361          4.8840;
   125    2.767               0           -1185            -318          4.8840;
   126    2.789               0            -766            -216          4.8840;
   127    2.811               0            -132             -49          2.1111;
   128    2.833               0             551             150         -4.6954;
   129    2.855               0            1053             287         -4.8840;
   130    2.878               0            1352             357         -4.8840;
   131    2.900               0            1413             374         -4.8840;
   132    2.922               0            1240             333         -4.8840;
   133    2.944               0             868             235         -4.8840;
   134    2.966               0             267              89         -3.4035;
   135    2.988               0            -424            -107          3.4078;
   136    3.010               0            -937            -265          4.8840;
   137    3.033               0           -1249            -330          4.8840;
   138    3.055               0           -1270            -344          4.8840;
   139    3.077               0           -1061            -286          4.8840;
   140    3.099               0            -590            -171          4.8840;
   141    3.121               0              72               8          0.1056;
   142    3.143               0             690             195         -4.8840;
   143    3.165               0            1133             301         -4.8840;
   144    3.188               0            1334             356         -4.8840;
   145    3.210               0            1325             350         -4.8840;
   146    3.232               0            1086             292         -4.8840;
   147    3.254               0             640             181         -4.8840;
   148    3.276               0             -11              14         -0.6929;
   149    3.298               0            -636            -176          4.8840;
   150    3.320               0           -1062            -292          4.8840;
   151    3.342               0           -1247            -331          4.8840;
   152    3.365               0           -1157            -315          4.8840;
   153    3.387               0            -831            -229          4.8840;
   154    3.409               0            -259             -84          3.2949;
   155    3.431               0             407             107         -3.2668;
   156    3.453               0             916             255         -4.8840;
   157    3.475               0            1235             325         -4.8840;
   158    3.497               0            1312             349         -4.8840;
   159    3.520               0            1176             315         -4.8840;
   160    3.542               0             834             227         -4.8840;
   161    3.564               0             266              88         -3.3736;
   162    3.586               0            -397            -100          3.1746;
   163    3.608               0            -889            -252          4.8840;
   164    3.630               0           -1177            -312          4.8840;
   165    3.652               0           -1176            -320          4.8840;
   166    3.674               0            -939            -255          4.8840;
   167    3.697               0            -444            -133          4.8840;
   168    3.719               0             209              48         -1.2668;
   169    3.741               0             759             216         -4.8840;
   170    3.763               0            1133             298         -4.8840;
   171    3.785               0            1257             336         -4.8840;
   172    3.807               0            1182             315         -4.8840;
   173    3.829               0             890             242         -4.8840;
   174    3.852               0             379             116         -4.4151;
   175    3.874               0            -277             -64          1.9615;
   176    3.896               0            -794            -226          4.8840;
   177    3.918               0           -1114            -298          4.8840;
   178    3.940               0           -1150            -313          4.8840;
   179    3.962               0            -942            -257          4.8840]
